0 0.6005859375 0.12890625 0.169921875 0.1328125
0 0.923828125 0.1181640625 0.15234375 0.115234375
0 0.6162109375 0.349609375 0.091796875 0.08203125
0 0.30859375 0.3056640625 0.06640625 0.080078125
0 0.3134765625 0.447265625 0.060546875 0.04296875
0 0.568359375 0.51171875 0.0625 0.078125
0 0.7822265625 0.6640625 0.138671875 0.140625
0 0.802734375 0.8583984375 0.1171875 0.166015625
0 0.6123046875 0.8212890625 0.064453125 0.060546875
0 0.1015625 0.6044921875 0.078125 0.064453125
0 0.7431640625 0.48046875 0.056640625 0.05859375