0 0.58984375 0.1787109375 0.06640625 0.060546875
0 0.1298828125 0.3154296875 0.166015625 0.119140625
0 0.212890625 0.1318359375 0.1015625 0.083984375
0 0.33203125 0.5341796875 0.1015625 0.154296875
0 0.564453125 0.4814453125 0.09375 0.060546875
0 0.669921875 0.4033203125 0.08203125 0.068359375
0 0.7236328125 0.5498046875 0.107421875 0.099609375
0 0.330078125 0.8369140625 0.10546875 0.197265625
0 0.52734375 0.6845703125 0.0703125 0.056640625
0 0.099609375 0.578125 0.09765625 0.125
0 0.8857421875 0.421875 0.064453125 0.06640625