0 0.173828125 0.2353515625 0.08984375 0.068359375
0 0.5634765625 0.1484375 0.099609375 0.16796875
0 0.2392578125 0.83984375 0.083984375 0.1015625
0 0.5419921875 0.7490234375 0.134765625 0.123046875
0 0.7421875 0.9384765625 0.13671875 0.076171875
0 0.748046875 0.41015625 0.15625 0.10546875
0 0.763671875 0.0986328125 0.16015625 0.177734375
0 0.2958984375 0.048828125 0.107421875 0.046875
0 0.5185546875 0.9033203125 0.126953125 0.126953125
0 0.3359375 0.8203125 0.08984375 0.09765625
0 0.302734375 0.904296875 0.0703125 0.078125
0 0.0341796875 0.9228515625 0.064453125 0.119140625
0 0.044921875 0.7470703125 0.0703125 0.068359375
0 0.2412109375 0.169921875 0.083984375 0.046875
0 0.3193359375 0.1708984375 0.072265625 0.099609375