0 0.20703125 0.390625 0.07421875 0.05078125
0 0.455078125 0.3994140625 0.06640625 0.052734375
0 0.701171875 0.232421875 0.07421875 0.0625
0 0.173828125 0.466796875 0.09375 0.046875
0 0.6884765625 0.548828125 0.134765625 0.08984375
0 0.8330078125 0.494140625 0.095703125 0.125
0 0.90234375 0.3642578125 0.078125 0.095703125
0 0.82421875 0.2265625 0.078125 0.125
0 0.5458984375 0.7080078125 0.126953125 0.080078125
0 0.5908203125 0.82421875 0.130859375 0.11328125
0 0.9091796875 0.9326171875 0.130859375 0.115234375