0 0.2353515625 0.2138671875 0.087890625 0.220703125
0 0.3984375 0.35546875 0.07421875 0.0703125
0 0.802734375 0.1123046875 0.1875 0.126953125
0 0.9130859375 0.2880859375 0.087890625 0.123046875
0 0.8017578125 0.255859375 0.076171875 0.08203125
0 0.8251953125 0.623046875 0.150390625 0.20703125
0 0.6416015625 0.755859375 0.123046875 0.10546875
0 0.2294921875 0.642578125 0.220703125 0.078125
0 0.359375 0.0380859375 0.1171875 0.064453125
0 0.2841796875 0.8115234375 0.197265625 0.115234375
0 0.490234375 0.953125 0.1015625 0.0546875
0 0.767578125 0.7861328125 0.1015625 0.060546875