0 0.3544921875 0.2783203125 0.083984375 0.076171875
0 0.2939453125 0.1474609375 0.099609375 0.083984375
0 0.2646484375 0.2587890625 0.064453125 0.064453125
0 0.69140625 0.212890625 0.078125 0.07421875
0 0.7216796875 0.1181640625 0.095703125 0.052734375
0 0.7998046875 0.171875 0.041015625 0.05078125
0 0.28515625 0.4716796875 0.0703125 0.068359375
0 0.400390625 0.5263671875 0.0703125 0.068359375
0 0.4970703125 0.6259765625 0.181640625 0.083984375
0 0.591796875 0.568359375 0.0625 0.0546875
0 0.701171875 0.6005859375 0.0625 0.095703125
0 0.703125 0.875 0.07421875 0.08203125
0 0.66015625 0.7451171875 0.08984375 0.083984375
0 0.25390625 0.931640625 0.10546875 0.0625
0 0.1552734375 0.66796875 0.189453125 0.14453125
0 0.857421875 0.3583984375 0.23046875 0.134765625